10
12
15
23
32
42
54
69
92
124
166
220
289
381
505
671
891
1180
1561
2066
2737
3628
1087
2648
993
9
3637
1003
3651
923
932
848
1851
1781
2704
3636
763
2614
674
3378
3293
335
2949
3623
3280
2852
3187
2415
2317
1876
1007
473
2888
1484
3360
646
1119
286
1770
1409
2055
3174
3460
1509
2918
1252
705
444
1953
1150
2402
3107
3551
1783
2933
1614
1000
830
2613
1825
3439
718
1548
440
2265
1983
2701
528
968
3233
1495
475
1003
1971
1483
2978
3453
735
2706
468
3446
3178
192
2898
3366
3091
2548
2740
1917
1562
932
3480
2499
695
2257
3189
2948
1726
2421
957
425
3373
1378
78
1035
1460
1112
2490
2568
3603
1342
2454
1223
70
3673
1294
27
1250
1320
1272
2566
2593
122
1442
2714
1559
431
553
1995
988
2547
2978
3531
1805
2793
1619
876
686
2491
1563
3182
337
1023
3514
1356
817
1154
2177
1970
3326
422
1576
32
2002
1607
2029
3605
3637
1918
3525
1833
1717
1633
3551
3355
1467
3184
1096
926
560
2027
1490
2586
3512
351
2378
147
2733
2524
2875
1532
1679
691
3215
2369
180
1859
2550
2044
692
872
2731
1560
3604
575
1447
457
2017
1900
2475
201
658
2675
854
3329
3530
467
3142
275
3604
3413
159
3301
3576
3459
3151
3310
2890
2745
2483
1913
1502
671
3416
2178
370
1872
2543
2238
695
1065
2937
1759
276
971
2036
1252
3011
3287
537
2573
104
3115
2681
3218
2070
2174
1568
528
25
2095
548
2116
2644
2669
1043
1591
3707
2630
1578
2621
491
477
3107
964
3585
355
832
218
1182
1046
1401
2233
2451
3633
958
2359
871
3322
3234
471
2830
3701
3302
2815
3286
2395
2375
1956
1050
615
3010
1664
3620
949
1564
853
2517
2416
3365
1208
2061
857
3273
2917
404
2465
3322
2874
2070
2474
1218
819
3693
2042
795
2013
2832
2804
1125
1920
212
3044
2127
3252
1451
1663
986
3113
2644
374
2037
3023
2415
1338
1712
28
3051
1745
3083
1074
1102
432
2177
1539
2613
3715
426
2603
421
3034
3028
3454
2336
2757
2070
1377
1110
3446
2482
831
2208
3318
3043
1804
2635
1122
719
41
1845
759
1881
2600
2641
765
1524
3405
2284
1204
1969
3493
3177
1740
2944
1192
964
420
2160
1383
2575
3539
238
2398
60
2635
2453
2691
1368
1428
342
2795
1765
3133
840
1182
256
2021
1433
2273
3455
3711
2011
3444
1996
1730
1720
10
3454
1729
3459
1458
1468
1201
2930
2668
405
1873
3074
2283
1230
1635
3508
2861
1423
2653
567
354
3215
917
3570
416
770
264
1181
1030
1446
2216
2480
3661
970
2416
911
3391
3331
580
2996
186
3577
3187
46
3042
3228
3084
2550
2596
1917
1424
787
3337
2212
408
1832
2619
2235
726
1134
2966
1864
378
1104

